1 9.39 1
2 5.17 1.81624758220502901353
3 3.65 2.57260273972602739726
4 2.91 3.22680412371134020618
5 2.50 3.75600000000000000000
6 2.25 4.17333333333333333333
7 2.03 4.62561576354679802955
8 1.89 4.96825396825396825396
9 1.77 5.30508474576271186440
10 1.63 5.76073619631901840490
11 1.53 6.13725490196078431372
12 1.48 6.34459459459459459459
13 1.42 6.61267605633802816901
14 1.37 6.85401459854014598540
15 1.40 6.70714285714285714285
16 1.31 7.16793893129770992366
32 1.32 7.11363636363636363636
48 1.37 6.85401459854014598540
64 1.31 7.16793893129770992366
