1 16.15 1
2 15.76 1.02474619289340101522
3 15.30 1.05555555555555555555
4 15.37 1.05074821080026024723
5 14.67 1.10088616223585548738
6 14.90 1.08389261744966442953
7 14.58 1.10768175582990397805
8 14.65 1.10238907849829351535
9 14.83 1.08900876601483479433
10 14.92 1.08243967828418230563
11 14.80 1.09121621621621621621
12 14.84 1.08827493261455525606
13 14.80 1.09121621621621621621
14 14.94 1.08099062918340026773
15 14.87 1.08607935440484196368
16 15.11 1.06882859033752481800
32 15.45 1.04530744336569579288
48 16.14 1.00061957868649318463
64 15.18 1.06389986824769433465
