1 114.35 1
2 57.47 1.98973377414303114668
3 38.28 2.98719958202716823406
4 29.06 3.93496214728148657949
5 23.89 4.78652155713687735454
6 20.19 5.66369489846458642892
7 18.43 6.20455778621812262615
8 16.28 7.02395577395577395577
9 14.53 7.86992429456297315898
10 13.28 8.61069277108433734939
11 11.95 9.56903765690376569037
12 11.09 10.31109107303877366997
13 10.55 10.83886255924170616113
14 9.82 11.64460285132382892057
15 9.23 12.38894907908992416034
16 8.92 12.81950672645739910313
32 8.98 12.73385300668151447661
48 8.77 13.03876852907639680729
64 8.69 13.15880322209436133486
