1 0.55 1
2 0.45 1.22222222222222222222
3 2.62 .20992366412213740458
4 2.55 .21568627450980392156
5 4.20 .13095238095238095238
6 3.73 .14745308310991957104
7 7.35 .07482993197278911564
8 6.57 .08371385083713850837
9 9.39 .05857294994675186368
10 9.65 .05699481865284974093
11 11.80 .04661016949152542372
12 11.47 .04795117698343504795
13 13.84 .03973988439306358381
14 13.51 .04071058475203552923
15 15.42 .03566796368352788586
16 15.94 .03450439146800501882
17 19.78 .02780586450960566228
18 21.04 .02614068441064638783
19 20.24 .02717391304347826086
20 20.38 .02698724239450441609
21 20.07 .02740408570004982561
22 20.54 .02677702044790652385
23 20.23 .02718734552644587246
24 19.86 .02769385699899295065
25 20.13 .02732240437158469945
26 20.04 .02744510978043912175
27 20.66 .02662149080348499515
28 4.80 .11458333333333333333
29 19.95 .02756892230576441102
30 19.97 .02754131196795192789
31 20.38 .02698724239450441609
32 20.27 .02713369511593487913

cores 1-32
num samples 512 *
window 16
