1 1 0.52
1 2 0.44
1 3 0.45
1 4 0.44
1 5 0.44
1 6 0.45
1 7 0.44
1 8 0.44
2 1 0.52
2 2 0.52
2 3 0.51
2 4 0.50
2 5 0.50
2 6 0.50
2 7 0.52
2 8 0.55
3 1 0.52
3 2 0.54
3 3 0.56
3 4 0.72
3 5 0.61
3 6 0.55
3 7 0.54
3 8 0.56
4 1 0.66
4 2 0.54
4 3 4.82
4 4 0.58
4 5 0.55
4 6 0.55
4 7 0.69
4 8 0.54
5 1 2.82
5 2 2.84
5 3 2.86
5 4 0.55
5 5 0.59
5 6 2.69
5 7 4.76
5 8 4.71
6 1 2.86
6 2 2.85
6 3 2.79
6 4 2.89
6 5 2.79
6 6 4.98
6 7 5.07
6 8 
7 1 0.78
7 2 0.61
7 3 0.63
7 4 0.61
7 5 0.59
7 6 0.57
7 7 0.73
7 8 0.64
8 1 0.75
8 2 0.62
8 3 0.61
8 4 0.66
8 5 0.64
8 6 0.63
8 7 4.80
8 8 
