1 1 0.53
1 2 0.46
1 3 0.46
1 4 0.47
1 5 0.47
1 6 0.50
1 7 0.50
1 8 0.55
2 1 0.49
2 2 0.57
2 3 0.51
2 4 0.48
2 5 0.53
2 6 0.60
2 7 0.62
2 8 0.67
3 1 2.88
3 2 3.87
3 3 3.36
3 4 0.49
3 5 0.50
3 6 0.50
3 7 0.50
3 8 0.54
4 1 0.50
4 2 0.50
4 3 0.54
4 4 0.53
4 5 0.55
4 6 0.53
4 7 0.49
4 8 0.50
5 1 0.78
5 2 0.51
5 3 0.52
5 4 0.51
5 5 0.54
5 6 0.59
5 7 0.50
5 8 0.55
6 1 0.56
6 2 0.55
6 3 0.56
6 4 0.57
6 5 0.52
6 6 0.54
6 7 0.50
6 8 0.58
7 1 0.57
7 2 0.53
7 3 0.51
7 4 0.56
7 5 0.54
7 6 0.61
7 7 0.61
7 8 0.55
8 1 0.62
8 2 0.53
8 3 0.61
8 4 0.53
8 5 0.52
8 6 0.54
8 7 4.81
8 8 2.99
