1 115.61 1
2 58.65 1.97118499573742540494
3 33.86 3.41435321913762551683
4 18.80 6.14946808510638297872
5 38.03 3.03996844596371285826
6 32.95 3.50864946889226100151
7 40.94 2.82388861748900830483
8 36.02 3.20960577456968350916
9 40.59 2.84823848238482384823
10 36.67 3.15271338969184619580
11 40.47 2.85668396342970101309
12 37.36 3.09448608137044967880
13 40.94 2.82388861748900830483
14 37.97 3.04477218856992362391
15 44.69 2.58693219959722533005
16 38.70 2.98733850129198966408
17 40.85 2.83011015911872705018
18 38.33 3.01617531959300808765
19 4.54 25.46475770925110132158
20 35.37 3.26858919988690981057
21 33.50 3.45104477611940298507
22 32.33 3.57593566347046087225
23 35.61 3.24655995506880089862
24 30.31 3.81425272187396898713
25 29.48 3.92164179104477611940
26 28.65 4.03525305410122164048
27 31.53 3.66666666666666666666
28 26.95 4.28979591836734693877
29 25.93 4.45854222907828769764
30 26.39 4.38082607048124289503
31 24.98 4.62810248198558847077
32 23.96 4.82512520868113522537

sbatch jobscript-mpi.sh ./stft -a dft -p mpi -s 16384 256