1 0.84 1
2 0.64 1.31250000000000000000
3 2.92 .28767123287671232876
4 0.74 1.13513513513513513513
5 30.65 .02740619902120717781
6 18.57 .04523424878836833602
7 39.84 .02108433734939759036
8 49.76 .01688102893890675241
9 84.40 .00995260663507109004
10 83.16 .01010101010101010101
11 92.06 .00912448403215294373
12 84.88 .00989632422243166823
13 92.10 .00912052117263843648
14 85.94 .00977426111240400279
15 92.54 .00907715582450832072
16 87.46 .00960439057855019437
17 86.36 .00972672533580361278
18 81.66 .01028655400440852314
19 77.74 .01080524826344224337
20 74.11 .01133450276615841316
21 71.07 .01181933305192064162
22 4.83 .17391304347826086956
23 65.19 .01288541187298665439
24 62.90 .01335453100158982511
25 60.52 .01387970918704560475
26 58.22 .01442803160425970456
27 56.47 .01487515494953072427
28 54.77 .01533686324630272046
29 53.18 .01579541180895073335
30 52.42 .01602441816100724914
31 50.30 .01669980119284294234
32 46.64 .01801029159519725557
