1 0.54 1
2 0.50 1.08000000000000000000
3 0.74 .72972972972972972972
4 1.01 .53465346534653465346
5 15.52 .03479381443298969072
6 27.29 .01978746793697325027
7 44.57 .01211577294144043078
8 44.05 .01225879682179341657
9 78.43 .00688512048960856814
10 104.99 .00514334698542718354
11 128.37 .00420659032484225286
12 128.41 .00420527996261973366
13 151.55 .00356318046849224678
14 151.64 .00356106568187813241
15 175.05 .00308483290488431876
16 175.61 .00307499572917259837
17 177.20 .00304740406320541760
18 177.07 .00304964138476308804
19 177.57 .00304105423213380638
20 176.81 .00305412589785645608
21 177.42 .00304362529590801487
22 176.85 .00305343511450381679
23 177.21 .00304723209751142712
24 177.72 .00303848750844024307
25 177.05 .00304998587969500141
26 177.35 .00304482661404003383
27 177.39 .00304414003044140030
28 177.26 .00304637256008123660
29 177.32 .00304534175501917437
30 179.84 .00300266903914590747
31 179.57 .00300718382803363590
32 181.07 .00298227204948362511
33 179.60 .00300668151447661469
34 180.81 .00298656047784967645
35 180.02 .00299966670369958893
36 179.92 .00300133392618941751
37 180.79 .00298689086785773549
38 180.15 .00299750208159866777
39 180.17 .00299716934006771382
40 180.50 .00299168975069252077
41 180.32 .00299467613132209405
42 179.46 .00300902708124373119
43 180.51 .00299152401529001163
44 4.94 .10931174089068825910
45 180.01 .00299983334259207821
46 4.95 .10909090909090909090
47 179.80 .00300333704115684093
48 180.02 .00299966670369958893
49 184.69 .00292381829010774811
50 181.06 .00298243676129459847
51 180.13 .00299783489701881974
52 179.76 .00300400534045393858
53 177.76 .00303780378037803780
54 180.20 .00299667036625971143
55 177.96 .00303438975050573162
56 178.27 .00302911314298535928
57 178.48 .00302554908112953832
58 180.19 .00299683667240135412
59 180.78 .00298705609027547295
60 181.51 .00297504269737204561
61 179.62 .00300634673198975615
62 179.41 .00300986567080987681
63 179.73 .00300450676014021031
64 179.44 .00300936246098974587

cores: 1-64
num-samples: 2048 *
window size: 16