1 0.40 1
2 0.81 .49382716049382716049
3 1.06 .37735849056603773584
4 1.37 .29197080291970802919
5 1.65 .24242424242424242424
6 2.01 .19900497512437810945
7 2.32 .17241379310344827586
8 2.70 .14814814814814814814
9 2.98 .13422818791946308724
10 3.37 .11869436201780415430
11 3.61 .11080332409972299168
12 4.23 .09456264775413711583
13 4.40 .09090909090909090909
14 4.70 .08510638297872340425
15 5.11 .07827788649706457925
16 5.38 .07434944237918215613
32 15.03 .02661343978709248170
48 21.87 .01828989483310470964
64 28.88 .01385041551246537396
